0290
3975
7189
8056
0689
5185
0257
4586
4858
7277
8348
6987
3911
1006
1206
5313
4563
1858
7640
3175
8490
8467
1095
3901
2365
2835
5999
3801
2218
7271
4277
0463
4453
6012
8405
1999
4954
4861
0634
6559
2452
7588
8154
8070
2401
0633
1033
7926
3874
7568
0209
1335
4616
3960
6715
6695
1594
8287
4610
3783
0408
6792
7969
2256
0114
8199
4344
7241
3850
2992
4752
1270
0380
6294
7843
5917
1711
2566
1793
2309
6398
6721
5201
3638
3641
3670
4493
7818
7376
4552
4360
1775
3720
3072
6756
2882
3777
0083
8271
6151
8223
6626
1005
3575
5273
6560
1705
5911
5499
0208
7152
5200
7292
4826
8325
5292
4259
4964
5572
7212
5522
5063
1444
5214
2867
5208
0582
3805
0345
5506
5215
4970
4721
7996
7034
2927
4283
8343
2020
3171
7258
6266
6284
8078
1384
4830
3281
0891
5658
1730
7018
3063
5368
4337
4510
1869
0334
5948
6554
6099
1372
7863
5361
0064
0004
0668
3413
3194
6804
0622
4499
5057
6160
5880
4311
1807
5719
3051
6411
0328
5212
6871
0530
2563
6404
6231
3351
8410
7350
1238
5655
8212
5904
5787
3541
1109
0120
3319
5648
3908
6653
4746
1132
0081
7458
3343
3828
5761
5093
0040
7885
4952
8108
6011
1121
2944
1587
5675
2929
1584
8309
0166
3424
6023
4579
4943
2567
6670
3463
2769
2373
4163
1069
6486
4084
8380
7927
2915
1525
0031
2274
4242
7423
1592
2068
2379
2822
6236
7188
2817
4058
3108
8256
1625
2236
0895
1914
2645
6530
0003
7300
3428
4172
1855
0559
4951
7562
6208
6672
2596
0454
1123
0973
0596
0711
4015
1942
2466
0862
5311
3967
4705
5149
5086
4697
7665
5954
3495
6443
0549
7185
3758
5084
6793
4714
3663
0608
1851
4471
7913
2347
4891
2731
7337
4251
5304
8118
0271
5670
2276
5276
2984
8032
6547
3338
4236
7187
2334
2674
0333
2614
4524
1883
5686
2242
4375
7928
4653
0008
3209
5989
2630
5066
4835
1732
5755
2171
0364
2695
8349
1617
5843
3630
1058
6265
2014
3613
2763
4232
7641
0535
8481
2424
7457
7246
0469
3547
5392
0067
5415
8409
7489
0662
4128
2027
0929
5723
1011
0336
7446
8194
1970
2544
0245
6344
1718
6682
1954
3674
4389
7091
2490
2135
8367
2232
0630
4366
0965
3894
4100
3487
6098
5523
2460
7005
0000
2554
3598
4512
7303
5978
7899
0289
1061
6201
6204
6991
4191
6117
5225
5194
0704
2267
3399
3062
4076
4075
0553
4010
6973
0270
3153
1848
4267
3627
3871
4840
5821
3691
6602
5446
4882
3981
1057
6369
6127
4651
2560
2026
7649
0214
0047
5475
3317
5763
6317
7795
3724
6912
2433
3705
0525
4597
0402
6253
7092
4762
4780
8143
6455
2517
3504
7624
3494
7695
4379
2219
5206
7417
6661
7806
7954
2040
0963
1884
3946
1972
4064
4447
0902
8144
7275
7363
6452
7268
6938
1546
3761
8470
5416
6916
2816
2417
2954
0151
7741
2129
2423
3158
8031
2351
7686
0570
0652
6437
1018
3204
1145
3181
6482
0287
1897
0866
6795
1800
0975
1262
4288
6896
8353
4082
4464
0439
8079
5328
5981
2664
2752
0073
4899
6224
5009
2776
6571
3470
1055
7062
0609
1660
4017
2866
7750
0960
3140
5008
5611
8073
7992
7605
4193
5357
0203
0792
4189
5477
2234
4894
1743
0384
1983
1931
5820
7156
6851
4712
6601
3561
2352
6911
4862
4230
3213
1267
6377
1523
8392
3617
6071
3660
4405
3107
7870
4455
5544
4319
3625
1221
6013
0357
0873
7874
1932
6296
2887
2088
0170
1310
4125
1683
5164
8255
3511
5805
4565
5026
8051
2294
0736
2046
0349
2608
2905
1312
4884
0026
3853
7393
6339
6594
2615
7557
5644
7756
4723
7583
1429
2923
6103
1246
5136
0023
4477
2754
1770
4323
8375
2584
7864
2801
6886
2600
2506
6847
7973
4809
4235
7335
6081
4554
4382
5014
8333
5802
8362
4908
5182
0749
1181
0688
6972
5790
4091
5894
1759
3245
3810
0893
3961
6941
0676
6341
0452
2627
6269
3655
6627
8054
5124
5461
2387
7471
7570
4013
5162
2038
1508
7049
2675
7217
2286
1757
3451
1319
5636
6372
5242
0601
7407
1124
1928
5580
6295
6451
3851
2328
8206
3624
3843
6370
6734
5941
1513
8413
6900
0816
3292
6889
3889
2779
7889
4733
2880
4802
1039
6102
5174
8161
1000
6059
6447
7809
5381
2988
7937
2950
7876
1157
6954
6431
2427
0703
5520
4107
3357
8179
5538
1978
3278
2710
3895
1590
3714
2344
3013
7946
8121
8346
1873
7888
6017
0569
6328
7659
7449
1638
4893
1839
3502
8219
5744
5095
7065
6718
5720
3354
7451
7231
0534
4691
1559
4645
4185
1410
4620
6776
5816
0507
1472
0425
2583
3881
3286
3640
5158
7486
4495
4837
7523
0134
7739
8279
5587
1233
0198
3100
1470
5596
5348
8350
7347
4470
6683
2163
3615
6567
1748
7890
2340
0168
7812
5741
5296
4614
0399
2377
3406
7132
0694
8090
0869
1386
3139
1628
2126
7918
4249
8411
5871
5053
7340
2985
6834
7059
0474
2050
2097
3729
1062
3371
4656
1263
2787
6207
5851
0760
5734
7998
2154
4413
7067
6048
5991
5125
1227
4083
6580
6990
2253
7304
5346
3836
2115
1680
5651
0916
4007
5972
4888
7882
1721
0316
1833
3904
0647
3311
2857
8451
3325
5988
4933
1640
2526
6113
7475
0639
6198
7634
6391
0038
3789
1428
5107
2120
1178
6855
2966
5443
8251
7348
2911
6217
6573
0807
0109
1619
0539
6084
1101
1635
6801
6243
6985
3934
6604
7748
2561
6502
5574
6287
8260
5438
1084
6820
8015
8355
4300
0455
6351
1570
0924
6362
1751
6458
0592
6193
7289
1383
3988
4715
6286
7299
3234
7566
4604
4680
0311
8299
7137
3122
4940
3060
0018
4238
8061
5184
8281
4387
6229
2406
6030
3157
5698
4678
8372
1720
8487
7159
1001
1354
5148
3953
1652
5804
2542
3745
0445
0299
8210
4006
5474
5844
2364
6891
5465
1780
0421
0034
7244
6523
7467
8314
7620
3958
1921
2724
8443
8389
5383
0122
3546
0726
3751
1332
0813
0460
4014
0701
1864
6172
5260
1941
2462
6375
0294
6139
4121
1316
7210
0947
6425
5431
6691
5076
4790
2117
3086
6739
2475
0538
8477
4755
3716
1691
1467
2676
8111
6144
2799
1446
1550
1348
1947
4402
7051
1530
6097
3912
3791
3405
4425
7265
4609
6872
1701
5793
1333
4424
2509
4175
1703
3563
3738
4853
1115
6434
1375
3349
0020
1678
5774
7886
0098
0396
5641
0524
4383
2473
5931
1362
6841
3030
0894
2669
1676
1356
6261
8203
5496
6663
8058
6963
5290
7648
5560
1079
0790
1521
4314
6336
5154
7728
5186
4578
0241
2491
6704
8268
7702
0078
0536
1673
0756
2358
7858
1421
8290
4374
5259
5781
5740
8009
5642
3779
7314
2593
7155
1268
1767
5584
0976
5833
8278
0375
1214
0638
6233
8361
3374
0920
7168
8104
3148
4977
3817
6453
6412
1413
1288
0424
0720
2958
0468
3330
2488
4061
0307
2146
1602
3026
5708
2210
1072
1130
1088
3826
3363
6212
6533
0874
5890
7645
0359
4308
7126
3972
5452
6929
1603
0939
1314
2782
0631
2099
5330
2907
6416
6619
6551
8484
3232
3969
6487
7378
1373
3727
8040
5899
4569
3632
3322
1405
1682
4938
2579
3639
1769
5226
7003
4333
0348
2594
4239
4633
4854
7462
4642
7353
1501
8469
5179
0395
7997
4526
6126
2981
1318
3909
7012
3272
0232
6705
3219
3508
1224
3045
8272
5974
5115
3480
8126
2532
7184
2033
3144
8153
8345
6714
2300
1738
3124
6403
3608
7529
1920
2999
3167
3827
1264
0646
3865
7421
2181
1339
3945
4956
7660
1403
1212
0407
3083
5320
1746
0653
4005
7785
2884
6199
0615
1394
3287
5813
8500
0512
7455
5250
5650
5109
7278
1229
5054
4922
7390
0610
8382
1360
7668
0645
1700
6685
7177
5714
0356
3802
5964
1867
1553
6536
3651
0179
2203
1035
5027
5097
5942
6755
5674
0376
3264
7114
0423
4972
0503
4759
8174
4987
5150
7711
0833
7273
1872
3385
2416
1070
6273
4292
3525
6036
4264
6837
7339
7911
3823
8313
8243
4356
5085
0753
0330
5731
7286
5291
6348
3421
5949
2990
0045
1074
6933
7125
2947
6600
8426
4529
4707
6805
0442
0479
2573
3841
4852
6396
0497
3341
5227
0581
3196
7949
6751
0419
3182
2513
7326
1184
3527
0504
4793
4026
2197
4170
1311
7041
8033
2450
8357
8237
4702
5588
4173
1975
6696
6206
4508
5566
2442
4158
6605
7718
6276
3736
2983
8131
3529
2265
4581
0300
5902
0155
6749
8037
4312
3024
6277
4913
4630
5156
1910
3043
4661
5471
1818
0520
6760
2201
6006
1141
2654
1129
1106
3189
4201
4967
6058
5240
3858
1605
6338
6002
7251
8162
2707
6086
5442
7824
1486
2943
4732
8128
6934
5916
8089
0664
4496
6930
5399
0070
7647
3346
1808
1825
0035
6667
6022
0250
7200
0669
1956
6350
3309
7657
0692
2065
1251
4867
1390
6465
7970
5089
3392
6402
2993
7279
3854
3719
8482
8425
2775
0448
1925
7522
3419
5255
5592
3976
1512
4538
1469
6192
0605
3475
2043
7158
7291
2484
8421
5509
8327
7380
4527
7869
0550
5235
8486
0746
6256
4635
1363
2483
5753
1863
6528
0467
6866
1187
3170
3393
7215
5060
3503
8159
8424
5059
6686
2109
2978
6258
1131
4350
6409
2063
3401
5002
1371
6176
7738
5677
7619
8473
2021
3315
2602
7236
6625
8242
7372
0811
3491
6056
7456
2388
1081
1096
0313
0892
4821
2459
2134
5806
6184
1091
3326
2825
7584
3273
0103
3003
5699
6843
1859
6203
7452
7261
8029
7204
4784
3453
5143
6806
7010
8262
7394
0224
3137
0253
2636
8076
4674
1499
2861
6202
2739
5480
1393
3986
2263
0593
2699
1809
1066
4197
3446
1204
5712
6576
5742
8501
6456
5841
7391
1290
3610
7248
5441
0853
3569
2836
1380
6039
3131
6188
3484
0900
5228
4069
3536
3184
3459
4848
3249
8483
6283
5243
2496
7610
6488
2023
7259
7123
1763
8200
2807
5482
4966
6652
0752
1784
2348
7242
4787
7710
8230
5577
1463
1496
2592
3538
4474
2549
7370
6821
6171
0899
8119
0254
6306
7247
4728
3764
3562
0097
3621
6340
1916
7325
4901
8034
3007
4126
7283
1008
2620
0782
3061
7399
2933
6507
4394
2123
4666
8216
6578
7872
6257
5433
3169
7411
2960
0839
2198
2235
7392
0966
2778
2621
3235
0679
8338
4403
3314
0852
1933
6316
5419
2634
3965
5117
2113
3015
4898
5331
6743
2481
7915
1045
6049
0130
6380
3163
4796
1487
7804
3440
0918
7708
6297
7135
0733
5494
4021
1431
1408
6270
5875
3806
3472
3284
5559
7546
7128
5445
4783
0481
6597
2938
6043
4480
3285
3565
7103
4321
7164
2257
8102
1003
4724
4722
7972
3590
4466
3966
4161
6009
2948
2106
2410
3678
8151
5539
4719
8133
0248
1874
1177
2176
0304
5041
8496
3127
5161
7820
2444
1880
6825
5929
8024
2415
3897
5676
3021
5947
6650
6697
4101
1112
8181
5451
8008
1806
3921
6278
7153
6986
5155
6496
8217
4143
4996
1882
4686
0809
2934
8317
6555
2241
0382
4489
7226
7453
7175
4543
2261
8249
8476
6881
7689
6768
1762
2441
2994
5405
5541
3117
5412
4926
0157
7639
0012
0024
6512
0340
0337
5460
5083
0084
6519
4885
0477
3390
2413
4647
6873
5464
0150
2802
4289
1607
0390
6384
7924
3892
7426
5096
1733
8456
3008
0420
1653
3241
6915
6330
3135
3654
8461
6948
0274
6807
3620
0453
2749
2307
5653
0275
0548
3129
8304
1952
2959
0748
5138
1120
3949
1663
2588
1134
1085
4261
4472
2324
1923
8401
4982
5951
7056
6186
2536
4960
1812
2214
3464
2477
6485
1601
2987
7555
3193
0591
2539
6077
2086
6563
0551
6018
0195
7796
6220
1260
4293
6379
1458
5469
5681
3765
1402
8436
2685
4153
6216
7006
1071
6773
5314
4506
2059
2055
3496
3017
1460
2325
3126
7115
0683
2624
5822
4155
0076
3339
4188
1043
0329
7369
0295
4124
3168
2243
7032
4629
1068
4349
1612
7414
1992
1199
7432
0426
4217
2299
5249
5170
6962
7308
3477
5270
3361
6054
1126
1272
4979
1987
1929
0319
7769
8124
7749
5288
3803
5351
2371
2478
5542
1674
6844
3535
6769
6064
1912
7478
0985
0972
3993
5042
2322
5878
7846
7664
3807
2918
6914
6292
7727
6673
8049
5300
5112
7707
5534
5643
3689
0667
6707
5406
3029
5131
5421
6924
3056
2793
7866
7165
5504
7898
5034
1419
5515
6632
4559
6822
6318
4029
4864
6476
3031
7963
1289
7674
3146
6917
5211
6577
4839
5765
5223
7465
7825
5126
5145
1149
2354
5715
2098
0143
5815
3681
5274
7985
6440
6583
6858
3570
3211
3815
1329
7994
5853
3676
1648
3244
2166
0285
0730
5707
4065
3830
3619
8123
6191
2275
7575
1622
3680
8270
7360
4541
7754
6992
7066
0387
8112
0660
0360
4141
5852
3227
0863
2498
0806
5006
2156
6085
6197
4269
3907
3198
3449
4598
2511
0681
3372
0065
2980
1494
7324
8359
2476
4460
3006
2758
6281
1904
5135
5033
4540
0444
7036
7856
6275
1430
6702
2248
2451
1687
7716
6865
6116
8068
5995
6493
5626
1741
8003
4652
8363
4051
6527
3255
3695
5726
8498
3197
7061
1498
3490
3046
2370
4699
8427
3279
2177
5058
6003
7075
7232
4296
1347
1451
6759
7513
6463
3886
7254
5564
6548
5684
2107
6494
6857
1420
0940
0430
0564
2240
3471
5023
3603
3365
3914
7078
2381
8007
7644
5706
5028
2899
5536
6838
5283
6248
6593
4945
3160
5960
5914
7507
7167
5710
4737
7606
3846
0988
0416
3025
3602
8364
8168
0708
7255
5817
2184
2206
4546
8444
4794
3875
4605
5326
0737
7950
3664
1764
3106
8294
6461
7317
4119
3855
6508
6279
2306
8468
7966
1854
4280
3980
5639
0620
0102
1092
2066
1626
0742
3481
3578
3038
5021
7978
4868
6068
1937
4097
7669
6513
5570
1838
8273
5992
1452
7050
2467
0362
0401
0983
7057
0563
5092
6390
8201
1063
4024
0061
2687
6069
7021
0958
7429
8016
5128
5858
4166
3376
2268
0740
3152
7853
1699
2363
4600
2784
1811
7285
4595
3324
6738
1102
1201
6078
1376
0856
4931
6130
8408
2501
0383
3143
1442
7323
2199
3289
7982
1140
6658
3138
6055
0936
5727
8347
2471
1453
0555
4047
7534
0989
3133
4698
0974
1438
0277
4537
3971
5022
2296
5977
2661
2259
1220
4157
0053
2169
0118
6669
0964
4351
7438
4052
7759
6840
1468
5180
4612
5589
4229
5481
0682
0560
1768
0094
5754
2768
2547
6859
0422
5339
2622
7801
4112
8286
2174
0100
0046
5285
1007
7604
1317
4690
1203
0488
7122
7873
6422
3356
7895
7679
2681
0099
6763
6566
0774
8235
1050
2680
6149
3340
8244
5737
0237
4542
6780
7732
8306
4324
4295
2317
8387
6688
7098
5324
4079
7743
2085
3780
7096
6111
6919
7603
6156
3253
6868
0326
3576
7222
1163
7952
6737
5030
0861
7257
4446
4842
4152
8404
1378
0687
7877
3420
1950
3388
6809
1531
2783
5863
6449
4850
3087
6185
7403
1725
4074
2333
7755
7349
5628
7564
7842
2834
4773
6491
8434
3977
6885
1650
3366
3220
5881
1621
2917
6314
8106
5132
4011
0036
0658
4993
7015
0586
3887
4114
5897
3948
3036
2064
4937
3009
2067
3623
0518
0911
2601
6467
1779
3064
4418
6399
3035
0800
0565
5952
6346
6300
7747
3673
3884
5207
2360
6970
5934
0001
6712
3505
7518
7400
6622
0864
5467
2280
5585
7358
5029
1960
7925
6893
7332
2073
0145
1287
2205
3180
1734
0971
6325
6468
4338
3542
0993
5659
3298
7047
7585
4056
0297
5610
3574
1111
0269
2648
4568
0691
6170
3649
8264
7119
5630
6794
3793
4669
0727
6717
4260
0773
2977
6082
4621
5507
6946
2982
5199
6569
3149
2411
6588
5231
2795
5747
6226
1995
0458
4631
4247
3313
3795
2489
3497
3963
3323
5773
7419
2850
6181
0674
0516
2420
7567
7794
3866
6358
1500
8110
4944
1308
3320
2519
3933
7592
5293
3675
0766
1773
3521
4451
6321
2287
4134
5758
3518
7945
1244
7079
0528
1798
6363
5363
7540
5310
2809
6158
5575
3629
1174
2770
1709
0755
5031
2136
7172
4665
0849
0041
5253
8438
1015
3573
4624
8502
1591
7868
2991
2761
6446
0598
7113
3920
1510
6550
3601
2384
7582
5691
6000
7514
4147
0131
5372
7752
6958
6681
4130
8311
7130
5220
1225
5263
4169
1554
1230
7609
0438
7136
7497
2389
7359
7723
0487
5315
0882
7076
4213
0389
7157
6046
0223
8017
1657
1723
7338
2696
8378
0088
6182
1571
1696
4426
6867
4687
4378
8464
3166
0212
6008
1281
0754
4632
4347
0739
6818
0656
4985
7509
7618
1411
4502
4851
0522
6537
2353
3731
1417
5759
1161
0732
5352
7235
5425
8147
6259
7077
4903
0627
1370
2813
6319
4138
2747
5349
6723
5612
5071
6028
2096
5961
0167
2221
3879
2341
7905
6888
0306
5299
4294
1845
5420
3799
3147
8454
6282
5797
4359
1197
2042
0897
4257
7511
8263
8030
1271
4725
1169
0741
2925
5176
4395
0814
6373
2581
3037
5078
5582
5593
7205
8245
7964
3774
7519
5354
5743
7965
1926
0642
4986
1462
1351
5264
3432
0374
2031
8182
1414
1843
6254
4521
7297
4897
1574
3519
4909
4457
3225
8403
8064
0696
0320
6636
4392
3540
5498
3290
8366
5402
0144
0489
0644
0388
6235
1389
4501
0962
6722
7627
5985
5282
2189
7633
2503
7389
1908
0768
5937
8065
8323
3701
7715
4027
4421
6274
5147
0802
1222
4969
3566
0172
8259
5298
2870
6713
0175
8419
7148
6664
5896
4716
3307
6826
3173
8265
1239
6534
3661
8252
4976
7410
4836
4531
1852
0987
7430
1367
0579
8044
2386
4717
1026
8428
7730
4650
0566
2440
5209
3394
3041
0025
5895
0715
4713
4974
2616
7537
3659
6772
3833
6366
6477
2709
6903
4525
1984
0030
0604
0804
4427
8026
1188
3709
4465
8041
7264
6428
4181
5447
3240
2273
0824
2920
0233
1979
3012
0884
6044
0665
0124
0434
4688
2412
4194
4544
2207
6815
3476
3657
7833
3782
4743
5103
7704
7880
6819
5134
2765
2158
0501
5672
3588
6252
7685
2722
2647
7197
5072
7099
8337
8437
1654
4871
5501
4401
7733
8196
4050
5344
4415
8088
0141
4332
2718
4857
2875
4810
2852
0673
2345
7192
7052
6242
2655
0723
7907
4445
0029
3711
1037
4291
7245
2077
0085
2667
4849
6427
7017
5120
0794
8440
6897
5926
7775
3748
4456
3688
6146
3101
5189
2703
8087
4942
3411
3501
0505
3530
1538
3088
6824
3899
1012
8114
0573
0828
5244
2757
0016
2535
1583
8085
3438
5397
3790
3785
1110
5733
1133
5700
6173
5077
8324
8080
3537
8432
4548
0827
0013
6405
8086
6575
3114
1624
4995
0959
7999
3404
2143
7763
5449
6397
6299
7955
2730
4941
6716
0789
5925
5306
4376
8266
0324
0293
3457
4571
6981
7237
1385
5799
5810
8116
0176
4786
7481
1013
2007
3647
5473
1664
1727
6386
1719
0471
6856
8340
2576
2682
2144
8082
4481
1903
4560
1142
3868
0830
6635
5254
6247
5195
4198
0262
2052
3768
8336
4454
2922
4490
6137
7444
5629
0291
7181
5944
7267
0657
4340
6829
7936
2095
3939
4640
6329
7361
0954
5769
3296
2568
5479
6556
6290
4798
8429
7002
3208
8105
3408
7531
7995
2553
1821
8301
6361
0838
6133
4535
7190
5567
1579
1158
5624
6178
3066
6240
1217
4012
5521
2036
8335
5757
0461
7656
8045
6246
3762
1276
1170
7334
4246
5353
7440
4151
7923
4530
3482
1172
8077
3917
7800
6430
7301
4488
1599
5955
4060
7341
3994
6684
2375
0464
1397
4660
4136
7654
6660
5912
2315
4105
5382
8069
8163
8096
7379
6347
8383
5994
7681
4404
7042
5437
0428
3280
1620
5688
7089
4602
8441
0147
0945
5786
5297
2409
6223
7090
1522
1670
7593
2883
4316
1024
7808
3991
3599
2906
0310
2733
0372
4309
0126
0106
4414
6492
6630
1497
1980
1406
0729
6167
3666
5356
5879
2574
3974
7230
7783
7240
4523
8298
7492
1093
1958
2826
3513
6454
1541
4906
1456
4059
1706
0193
0745
6125
2811
7571
5739
3466
7480
1977
4044
8228
0743
1917
0431
4467
3957
5123
3228
7296
1080
4955
6433
4845
7527
3880
7839
5553
2041
5573
2487
3306
5860
3261
5547
7984
1539
3708
5625
4071
6813
7690
5044
5732
0847
4607
0186
6982
2110
1073
1231
3333
5856
2533
5666
8177
1056
5188
7207
1211
3935
7892
0259
6115
6965
6464
7381
7472
7084
0323
1155
5565
5407
5319
1955
2464
8381
4910
0922
5191
2632
7517
7574
5898
3968
2301
1927
2394
8331
7028
3662
1871
7120
0738
3190
5847
2152
5562
4709
5100
8246
6169
6444
5129
5837
0341
4551
7214
4286
5017
3271
1919
1255
0841
5718
0037
7666
1613
7942
7586
1776
0561
5432
3159
3989
8407
0635
7762
2837
5760
4367
5900
0072
7252
6518
0626
4573
0033
0117
7011
6920
7933
6700
7696
0546
8275
6227
3715
7038
0272
8075
0222
8422
7520
7655
0961
7637
6419
0495
2186
5309
4245
0129
5876
5654
1253
0776
6525
3978
5631
2961
2738
1482
5366
7194
0990
8190
7416
3247
1052
6020
2898
4038
1515
5163
8394
0191
1097
6474
8289
6943
1935
4361
2810
1589
6950
1962
2777
5748
2434
1835
4033
2072
8011
0284
7213
1083
2846
1861
6790
4814
5526
4536
4093
1788
0260
7499
1223
1439
8167
3473
3011
2971
3583
5518
8480
8506
4959
4517
3052
2841
2400
6898
2392
6925
6904
0980
5007
5997
6359
5489
4439
3183
0719
1964
1655
3656
5345
0007
1918
1945
3022
6880
2881
6136
0767
1345
1441
7712
2585
1791
7355
4820
4298
8283
6628
4764
1503
1114
2586
7345
0268
0716
0344
2635
6538
2951
0557
4664
0595
0058
6753
5601
7643
4018
1436
5256
3192
2499
0180
7780
4085
5889
3248
1981
7408
6942
0904
1690
3898
8145
6877
5386
0690
3295
4689
3754
7000
6007
7962
6500
4984
5839
1265
2531
0788
8160
4315
2155
8211
7553
5953
3176
7827
4673
1695
5295
3381
4433
7191
2161
7724
7959
0282
7968
4362
4924
6080
1868
1483
8207
4769
2672
0571
1534
7563
7166
6381
7344
4760
5957
2470
2244
2871
6360
2701
1336
2142
1326
7572
5056
8234
7027
5181
3819
0410
4322
7810
4092
0207
7491
4896
2773
7035
3734
4441
2029
5389
7542
5662
7790
4596
7474
3458
0649
2390
3551
2474
7082
0969
5510
1122
1878
7068
1471
3692
4444
7932
4594
4988
7841
1795
4450
3684
3860
0995
5012
2962
6526
1677
4627
8001
4912
1547
7819
2238
1022
4509
6936
4180
5866
4150
3094
0576
1415
4385
1804
2321
5483
4437
8141
8446
6106
3706
0835
3430
1728
2022
5918
3699
7705
2438
2083
1173
4599
1766
3283
6531
2712
6301
6066
4556
2069
7948
5280
2439
3177
4132
3154
0765
6096
7930
2534
1273
1542
2578
8377
2131
2138
0252
3250
2374
8507
5958
7173
2114
0896
8388
3229
1357
4813
0343
0870
0278
1752
5355
4950
3164
4998
7072
0063
6187
0174
6155
7459
7294
5153
0267
3557
0473
4870
7442
0556
6309
2446
2791
7473
3611
0366
8060
1301
2391
1153
0107
7004
2888
2318
6541
6789
4335
4797
0883
2665
8316
3162
7287
0308
6694
3645
7288
5317
6027
7776
5932
0759
1207
5615
1573
2538
4844
3460
2090
1032
5390
5167
6726
4237
7402
6748
0600
3631
1242
8099
7310
3548
4190
1754
6976
2230
0062
0213
4662
1957
1382
6448
0915
0879
7087
1200
1866
2558
5824
5939
6421
5818
5987
2849
0189
5373
0123
8209
0496
1631
7080
5618
7871
4828
0200
7387
5500
4327
6774
0136
6401
4855
6104
5360
4968
6598
1669
2582
3084
2187
0763
2192
8213
2008
6408
3387
1988
5831
8236
2000
3238
5401
2936
7311
4804
1294
0230
3733
7208
6213
6445
4363
5586
5772
4411
0371
8269
0771
4054
4801
1350
0797
6624
4365
5140
8248
1218
2891
2326
2909
5915
8384
5258
2868
4920
3584
5262
5336
7834
1010
5667
3626
5119
4273
3890
3500
6552
8006
4528
8059
8415
5459
4515
2220
6861
5548
3222
3723
3883
1535
7201
0875
5909
8329
3552
4250
4750
5018
7145
8155
2369
4211
7802
5422
5703
2101
8225
2339
2516
5359
5537
0415
1915
1891
0161
2997
7854
5665
3567
7559
5869
7413
3018
6882
6120
5395
1485
1352
5638
7875
1888
0352
7060
0949
7284
6708
1778
8052
8416
3888
1963
5850
7617
5935
5794
3778
6720
0655
5308
0722
1423
6572
3109
7777
4381
8412
8171
4782
5127
3217
2429
5984
7318
5239
0585
7803
3462
6264
3005
2336
1396
7502
6489
4345
7225
7848
6122
4459
4034
3142
6450
7070
4430
2713
0363
7622
5281
2264
5661
1175
2060
0709
0717
5287
4087
7298
2228
5868
4587
3303
4700
7684
2721
7330
7607
2288
3781
6004
1261
7493
6472
4618
0678
7329
2750
4592
5808
2209
3246
3559
6021
4334
1715
2800
6145
5424
7141
3201
2422
5122
3116
5728
2368
2859
3001
6725
2056
0258
3990
5303
6483
7026
2130
3697
0149
6100
4747
2061
2742
1215
3792
0826
1291
4654
4806
5151
6410
2182
1909
0266
5343
6420
2285
2619
3771
0562
5870
7611
8109
7138
0707
2815
8239
0466
4934
7109
0898
5969
0998
2640
7532
6225
7180
4440
3452
2211
7662
8180
0772
5930
6232
0705
3759
6334
2213
2796
0302
6746
3027
8297
7019
8459
3380
6983
4223
7371
1618
4758
4057
2112
1355
3291
5556
1234
3637
5275
2555
4384
0446
6065
6313
2282
1374
5640
6784
1968
5091
1495
7129
6460
2277
5893
5232
4785
2185
4448
1228
1832
3266
4918
1040
3308
2292
1747
4883
3829
7198
0526
2164
2650
5956
7262
7543
1557
0183
4980
4216
7694
4331
3268
6827
5540
1990
6956
4518
8178
3456
1309
3479
5762
3784
4106
4419
2252
3522
2295
7974
1113
6345
8002
1828
2212
1532
7118
5104
7007
2932
2468
1667
8414
6462
2070
1656
5049
5516
7295
4693
5990
6639
6879
5968
8341
7282
0818
0303
1136
3104
0855
7636
7055
4859
0867
8339
3687
6088
2638
1679
7983
4357
7270
3859
4233
2385
0829
6070
5976
8406
2139
6393
6060
1509
3813
6311
2746
0022
3891
2150
2419
0901
7276
4703
6895
0043
2249
3821
6016
4643
4777
5690
5435
7891
7083
8156
3553
3429
7811
5828
1236
2931
4963
0486
3442
7146
6280
3410
4808
6741
4564
8257
7558
7731
4927
0261
5003
5557
0991
2827
5602
2606
0854
1641
2246
1306
5039
1895
4497
6979
0127
2170
1924
6417
0417
0677
3964
5924
1100
3940
1846
2668
3318
1540
1544
6835
6831
0747
1053
0594
2753
4829
1490
2853
6179
0044
7249
4726
4514
2756
7721
5224
4825
4043
0080
5385
2729
7897
8169
7904
7768
7117
7789
5885
5785
5329
5024
0369
1440
0373
4222
0108
5872
4325
4042
4183
4396
3587
4734
5959
2224
2329
0877
6870
1562
2580
1742
6998
7857
5463
8472
0137
1304
7828
1810
3730
8100
1489
7976
6177
6558
5701
3646
8351
0519
2448
1831
7884
2465
1856
2093
2851
0227
2612
7595
0547
4364
0386
4872
1971
7767
2039
6662
3507
2543
5908
4468
6655
6414
0234
8492
5268
6260
3847
7538
5379
5159
8320
4663
6764
1321
2626
3218
0325
0865
2396
5680
1358
2108
6061
1837
5563
0860
2956
5835
4282
7774
0215
0494
0378
5347
3150
2692
2803
6570
2502
3242
4634
2284
6953
4099
1395
5711
5656
5678
4771
3844
8166
2734
2148
1596
5668
5779
5487
3301
7757
1740
4485
3732
8172
4887
6249
2173
6499
8039
0059
8332
2104
2840
6540
6984
2132
5246
6581
3752
0986
5568
5247
0005
3928
3653
4218
7448
6473
3863
6557
0992
0014
0533
5203
3282
7683
8148
6138
4423
6459
8274
2456
8013
6823
2116
5729
6439
3861
7306
1219
6623
0552
4268
0886
3721
2454
7495
4310
1842
6267
1844
5075
7195
6677
4133
0868
6025
2595
2272
4090
5524
0225
4923
4803
4037
0048
1340
1322
3237
0762
5502
4641
8176
2004
4248
1973
1698
0279
3426
2414
6901
6615
4215
8358
3422
5073
0910
2901
2540
3900
3262
7650
2764
0393
6869
1164
0951
0710
0379
7953
3698
1713
2018
6484
4932
1632
1890
2902
3373
2937
2229
6765
3461
7917
4644
4086
3188
1997
4766
8300
3187
0510
3489
1552
0450
3755
2127
6331
4167
0890
7560
3628
2957
5827
7742
4748
4408
3516
3982
7470
1213
2745
2521
3270
7001
6165
5302
5144
2705
2048
6599
7920
0933
0950
3838
6878
3622
0532
0509
1688
1478
2995
7418
8354
2833
2118
1637
0801
7039
1949
4608
7831
1892
1604
5038
6376
2548
1020
0851
4328
4484
5272
8048
7672
1502
8319
2550
6218
0367
8083
1693
6779
6516
6907
2407
6166
1702
5430
6180
0721
0138
3539
3207
4422
4168
4866
3606
7477
2694
1147
5685
1685
6945
0202
6816
3510
5533
3125
6833
2921
3042
3016
7638
1815
0836
1716
0322
6129
3134
0093
5745
2293
7740
5750
4575
4137
0502
2012
7528
6640
3997
5440
4276
8445
3703
6719
6105
5252
4776
3468
0201
4659
2623
4287
3367
2290
0321
5503
6679
3226
5920
1305
3856
5472
2504
4886
2337
7591
1065
2530
7147
7771
1023
0984
3103
7162
2231
5175
7025
2673
6501
7798
4889
6153
7020
8312
2119
7975
1282
0158
7830
4231
0840
1765
0128
0050
4637
7256
5545
6849
2659
6490
0693
5400
2338
1295
2262
3925
1985
6337
1342
0182
6239
1432
3702
3869
3362
2872
4045
3443
0603
4040
5561
1600
5488
5792
4442
5364
7053
1744
0032
3478
5812
0057
1327
1325
1581
8430
4576
0346
4452
6995
1627
7587
0132
2564
6905
5982
5261
0702
2903
8233
0540
3302
1731
0113
1365
3560
4046
2045
0786
1616
1813
7829
3845
2195
8038
3973
0728
7386
8092
0919
2963
6659
1259
6783
3233
1209
3609
4519
3831
4428
1151
5864
1558
5617
2356
1902
4936
2952
6894
8296
5543
6796
7524
1735
6394
1965
2233
6767
1645
6747
4791
3667
6637
3633
7813
1116
7990
2552
3202
4504
2940
7367
2380
1477
8386
4636
7844
6863
4981
8371
6678
6675
0301
2953
3034
5913
3614
5578
6860
6495
7900
0226
3096
6618
4483
5374
2854
2856
3849
1881
4109
5476
3923
3111
6515
7450
7658
2200
7143
2751
2015
6245
4123
7101
5549
4078
4916
1283
5168
1614
4577
6110
4983
0761
1196
8027
4811
0500
1401
1675
7319
6211
4677
3896
3257
5965
6355
1182
0077
8439
2311
1913
2266
8226
4176
2151
3677
0618
4171
2897
2003
1662
4590
6949
8019
4274
8137
1208
8120
5000
5094
8066
1082
2343
2743
0848
6742
0817
3586
3550
3439
0028
5801
7186
1186
6418
6612
7433
2002
1575
4873
6324
2011
0545
4676
1191
6478
7855
7599
3267
6732
0181
1292
1643
7981
1044
5846
0190
6305
1876
2153
3389
0052
8390
7313
3231
1777
0625
2082
7623
5717
2458
3983
4318
3877
5576
3533
3999
0491
4505
4224
8221
3744
6161
6967
2366
7901
1877
4994
2084
5455
7944
4342
0871
2432
3203
3962
4476
7693
6785
7504
1750
3832
5218
7309
2227
2546
1407
7110
7223
0385
8460
7958
3224
4619
2989
7823
3436
2886
3260
6988
3809
2034
1511
7170
4369
8186
3161
0996
6510
2698
4935
6164
3383
3288
7290
6687
1668
6689
5819
8393
8370
7545
0923
6736
0750
4281
6999
0146
0184
6029
1166
0623
4572
7494
3818
4516
7008
5316
2725
0700
4763
1922
3756
5362
7971
0613
5826
1939
1090
5439
0515
6365
6072
4207
6842
5470
8188
1543
5245
6426
0381
7281
3077
4513
2864
0842
4144
5724
6902
3221
8360
6935
1258
2482
1266
6692
4002
2223
6237
6944
0903
2876
3665
3600
2904
6168
8101
3512
5043
5613
1905
2926
0698
3058
6797
2523
6579
5178
0049
3347
6771
5221
6647
6143
7321
1549
1649
2591
0411
4159
1633
4463
7081
5923
7468
4877
3200
0392
6481
5877
8379
0785
1578
4139
5236
4253
2428
2942
0353
7046
7107
2302
3004
2194
3441
5784
6190
6750
6654
2435
8098
7663
6690
3092
7782
5725
5600
7357
0055
5456
4003
0451
2520
5301
5938
7859
1379
7336
6926
5936
1028
5418
1870
1210
4435
2565
0686
3534
1125
0358
5267
4004
7781
7772
4154
2437
3112
2863
6799
1707
8391
0071
5795
0163
5413
0872
7352
7374
0881
0351
2889
6024
4487
3769
4149
7013
1646
6980
2332
0583
6374
1016
3825
4142
2445
2772
8396
6052
7144
2644
6828
1889
7346
4067
6777
0725
7424
0636
3876
5279
3742
2183
4805
4696
7919
5036
7629
7608
1911
5620
4684
2493
7384
5426
7714
5782
7085
8503
7074
4436
5020
1634
0521
0092
0011
7037
